[5.  3.4 1.6 0.4]
[4.9 3.1 1.5 0.1]
[7.4 2.8 6.1 1.9]
[]
Centroids: 
[[5.  3.4 1.6 0.4]
 [4.9 3.1 1.5 0.1]
 [7.4 2.8 6.1 1.9]]
3
iris data
[[5.7 4.4 1.5 0.4]
 [5.5 4.2 1.4 0.2]
 [5.2 4.1 1.5 0.1]
 [5.8 4.  1.2 0.2]
 [5.4 3.9 1.7 0.4]
 [5.4 3.9 1.3 0.4]
 [7.7 3.8 6.7 2.2]
 [7.9 3.8 6.4 2. ]
 [5.1 3.8 1.9 0.4]
 [5.7 3.8 1.7 0.3]
 [5.1 3.8 1.6 0.2]
 [5.1 3.8 1.5 0.3]
 [5.1 3.7 1.5 0.4]
 [5.4 3.7 1.5 0.2]
 [5.3 3.7 1.5 0.2]
 [7.2 3.6 6.1 2.5]
 [5.  3.6 1.4 0.2]
 [4.6 3.6 1.  0.2]
 [5.  3.5 1.6 0.6]
 [5.2 3.5 1.5 0.2]
 [5.1 3.5 1.4 0.3]
 [5.1 3.5 1.4 0.2]
 [5.  3.5 1.3 0.3]
 [5.5 3.5 1.3 0.2]
 [6.3 3.4 5.6 2.4]
 [6.2 3.4 5.4 2.3]
 [6.  3.4 4.5 1.6]
 [4.8 3.4 1.9 0.2]
 [5.4 3.4 1.7 0.2]
 [4.8 3.4 1.6 0.2]
 [5.4 3.4 1.5 0.4]
 [5.1 3.4 1.5 0.2]
 [5.  3.4 1.5 0.2]
 [4.6 3.4 1.4 0.3]
 [5.2 3.4 1.4 0.2]
 [6.3 3.3 6.  2.5]
 [6.7 3.3 5.7 2.5]
 [6.7 3.3 5.7 2.1]
 [6.3 3.3 4.7 1.6]
 [5.1 3.3 1.7 0.5]
 [5.  3.3 1.4 0.2]
 [7.2 3.2 6.  1.8]
 [6.8 3.2 5.9 2.3]
 [6.9 3.2 5.7 2.3]
 [6.4 3.2 5.3 2.3]
 [6.5 3.2 5.1 2. ]
 [5.9 3.2 4.8 1.8]
 [7.  3.2 4.7 1.4]
 [6.4 3.2 4.5 1.5]
 [4.7 3.2 1.6 0.2]
 [4.6 3.2 1.4 0.2]
 [4.7 3.2 1.3 0.2]
 [4.4 3.2 1.3 0.2]
 [5.  3.2 1.2 0.2]
 [6.7 3.1 5.6 2.4]
 [6.4 3.1 5.5 1.8]
 [6.9 3.1 5.4 2.1]
 [6.9 3.1 5.1 2.3]
 [6.9 3.1 4.9 1.5]
 [6.7 3.1 4.7 1.5]
 [6.7 3.1 4.4 1.4]
 [4.8 3.1 1.6 0.2]
 [4.6 3.1 1.5 0.2]
 [4.9 3.1 1.5 0.1]
 [4.9 3.1 1.5 0.1]
 [7.6 3.  6.6 2.1]
 [7.7 3.  6.1 2.3]
 [7.1 3.  5.9 2.1]
 [6.5 3.  5.8 2.2]
 [7.2 3.  5.8 1.6]
 [6.8 3.  5.5 2.1]
 [6.5 3.  5.5 1.8]
 [6.7 3.  5.2 2.3]
 [6.5 3.  5.2 2. ]
 [5.9 3.  5.1 1.8]
 [6.7 3.  5.  1.7]
 [6.1 3.  4.9 1.8]
 [6.  3.  4.8 1.8]
 [6.1 3.  4.6 1.4]
 [5.6 3.  4.5 1.5]
 [5.4 3.  4.5 1.5]
 [6.6 3.  4.4 1.4]
 [5.9 3.  4.2 1.5]
 [5.7 3.  4.2 1.2]
 [5.6 3.  4.1 1.3]
 [5.  3.  1.6 0.2]
 [4.8 3.  1.4 0.3]
 [4.9 3.  1.4 0.2]
 [4.8 3.  1.4 0.1]
 [4.4 3.  1.3 0.2]
 [4.3 3.  1.1 0.1]
 [7.3 2.9 6.3 1.8]
 [6.3 2.9 5.6 1.8]
 [6.1 2.9 4.7 1.4]
 [6.6 2.9 4.6 1.3]
 [6.  2.9 4.5 1.5]
 [6.4 2.9 4.3 1.3]
 [6.2 2.9 4.3 1.3]
 [5.7 2.9 4.2 1.3]
 [5.6 2.9 3.6 1.3]
 [4.4 2.9 1.4 0.2]
 [7.7 2.8 6.7 2. ]
 [6.4 2.8 5.6 2.2]
 [6.4 2.8 5.6 2.1]
 [5.8 2.8 5.1 2.4]
 [6.3 2.8 5.1 1.5]
 [5.6 2.8 4.9 2. ]
 [6.2 2.8 4.8 1.8]
 [6.8 2.8 4.8 1.4]
 [6.1 2.8 4.7 1.2]
 [6.5 2.8 4.6 1.5]
 [5.7 2.8 4.5 1.3]
 [5.7 2.8 4.1 1.3]
 [6.1 2.8 4.  1.3]
 [6.4 2.7 5.3 1.9]
 [5.8 2.7 5.1 1.9]
 [5.8 2.7 5.1 1.9]
 [6.  2.7 5.1 1.6]
 [6.3 2.7 4.9 1.8]
 [5.6 2.7 4.2 1.3]
 [5.8 2.7 4.1 1. ]
 [5.2 2.7 3.9 1.4]
 [5.8 2.7 3.9 1.2]
 [7.7 2.6 6.9 2.3]
 [6.1 2.6 5.6 1.4]
 [5.5 2.6 4.4 1.2]
 [5.8 2.6 4.  1.2]
 [5.7 2.6 3.5 1. ]
 [6.7 2.5 5.8 1.8]
 [5.7 2.5 5.  2. ]
 [6.3 2.5 5.  1.9]
 [6.3 2.5 4.9 1.5]
 [4.9 2.5 4.5 1.7]
 [5.5 2.5 4.  1.3]
 [5.6 2.5 3.9 1.1]
 [5.1 2.5 3.  1.1]
 [5.5 2.4 3.8 1.1]
 [5.5 2.4 3.7 1. ]
 [4.9 2.4 3.3 1. ]
 [6.3 2.3 4.4 1.3]
 [5.5 2.3 4.  1.3]
 [5.  2.3 3.3 1. ]
 [4.5 2.3 1.3 0.3]
 [6.  2.2 5.  1.5]
 [6.2 2.2 4.5 1.5]
 [6.  2.2 4.  1. ]
 [5.  2.  3.5 1. ]]
147
(1, 1)
(1, 1)
(1, 1)
[(0, array([[1.22474487]])), (1, array([[1.55563492]])), (2, array([[5.37215041]]))]
0
(1, 1)
(1, 1)
(1, 1)
[(0, array([[0.98488578]])), (1, array([[1.26095202]])), (2, array([[5.52720544]]))]
0
(1, 1)
(1, 1)
(1, 1)
[(0, array([[0.79372539]])), (1, array([[1.04403065]])), (2, array([[5.56147462]]))]
0
(1, 1)
(1, 1)
(1, 1)
[(0, array([[1.09544512]])), (1, array([[1.3114877]])), (2, array([[5.55877684]]))]
0
(1, 1)
(1, 1)
(1, 1)
[(0, array([[0.64807407]])), (1, array([[1.00995049]])), (2, array([[5.17880295]]))]
0
(1, 1)
(1, 1)
(1, 1)
[(0, array([[0.70710678]])), (1, array([[1.00995049]])), (2, array([[5.52268051]]))]
0
(1, 1)
(1, 1)
(1, 1)
[(2, array([[1.24096736]])), (0, array([[6.05805249]])), (1, array([[6.30713881]]))]
2
(1, 1)
(1, 1)
(1, 1)
[(2, array([[1.161895]])), (0, array([[5.8455111]])), (1, array([[6.09179776]]))]
2
(1, 1)
(1, 1)
(1, 1)
[(0, array([[0.50990195]])), (1, array([[0.88317609]])), (2, array([[5.11663952]]))]
0
(1, 1)
(1, 1)
(1, 1)
[(0, array([[0.81853528]])), (1, array([[1.1]])), (2, array([[5.08035432]]))]
0
(1, 1)
(1, 1)
(1, 1)
[(0, array([[0.45825757]])), (1, array([[0.74161985]])), (2, array([[5.4249424]]))]
0
(1, 1)
(1, 1)
(1, 1)
[(0, array([[0.43588989]])), (1, array([[0.75498344]])), (2, array([[5.47813837]]))]
0
(1, 1)
(1, 1)
(1, 1)
[(0, array([[0.33166248]])), (1, array([[0.7]])), (2, array([[5.43231074]]))]
0
(1, 1)
(1, 1)
(1, 1)
[(0, array([[0.54772256]])), (1, array([[0.78740079]])), (2, array([[5.37215041]]))]
0
(1, 1)
(1, 1)
(1, 1)
[(0, array([[0.47958315]])), (1, array([[0.72801099]])), (2, array([[5.4101756]]))]
0
(1, 1)
(1, 1)
(1, 1)
[(2, array([[1.0198039]])), (0, array([[5.4350713]])), (1, array([[5.69736781]]))]
2
(1, 1)
(1, 1)
(1, 1)
[(0, array([[0.34641016]])), (1, array([[0.52915026]])), (2, array([[5.60178543]]))]
0
(1, 1)
(1, 1)
(1, 1)
[(0, array([[0.77459667]])), (1, array([[0.77459667]])), (2, array([[6.11391855]]))]
0
(1, 1)
(1, 1)
(1, 1)
[(0, array([[0.2236068]])), (1, array([[0.65574385]])), (2, array([[5.30942558]]))]
0
(1, 1)
(1, 1)
(1, 1)
[(0, array([[0.31622777]])), (1, array([[0.50990195]])), (2, array([[5.42033209]]))]
0
(1, 1)
(1, 1)
(1, 1)
[(0, array([[0.26457513]])), (1, array([[0.5]])), (2, array([[5.51633937]]))]
0
(1, 1)
(1, 1)
(1, 1)
[(0, array([[0.31622777]])), (1, array([[0.46904158]])), (2, array([[5.54616985]]))]
0
(1, 1)
(1, 1)
(1, 1)
[(0, array([[0.33166248]])), (1, array([[0.5]])), (2, array([[5.64358042]]))]
0
(1, 1)
(1, 1)
(1, 1)
[(0, array([[0.6244998]])), (1, array([[0.75498344]])), (2, array([[5.4799635]]))]
0
(1, 1)
(1, 1)
(1, 1)
[(2, array([[1.43874946]])), (0, array([[4.65725241]])), (1, array([[4.91426495]]))]
2
(1, 1)
(1, 1)
(1, 1)
[(2, array([[1.56524758]])), (0, array([[4.41474801]])), (1, array([[4.67225855]]))]
2
(1, 1)
(1, 1)
(1, 1)
[(2, array([[2.22934968]])), (0, array([[3.29393382]])), (1, array([[3.54259792]]))]
2
(1, 1)
(1, 1)
(1, 1)
[(0, array([[0.41231056]])), (1, array([[0.51961524]])), (2, array([[5.25832673]]))]
0
(1, 1)
(1, 1)
(1, 1)
[(0, array([[0.45825757]])), (1, array([[0.6244998]])), (2, array([[5.15848815]]))]
0
(1, 1)
(1, 1)
(1, 1)
[(0, array([[0.28284271]])), (1, array([[0.34641016]])), (2, array([[5.50090902]]))]
0
(1, 1)
(1, 1)
(1, 1)
[(0, array([[0.41231056]])), (1, array([[0.65574385]])), (2, array([[5.26972485]]))]
0
(1, 1)
(1, 1)
(1, 1)
[(0, array([[0.24494897]])), (1, array([[0.37416574]])), (2, array([[5.44977064]]))]
0
(1, 1)
(1, 1)
(1, 1)
[(0, array([[0.2236068]])), (1, array([[0.33166248]])), (2, array([[5.49272246]]))]
0
(1, 1)
(1, 1)
(1, 1)
[(0, array([[0.45825757]])), (1, array([[0.47958315]])), (2, array([[5.73149195]]))]
0
(1, 1)
(1, 1)
(1, 1)
[(0, array([[0.34641016]])), (1, array([[0.4472136]])), (2, array([[5.49363268]]))]
0
(1, 1)
(1, 1)
(1, 1)
[(2, array([[1.35277493]])), (0, array([[5.04678115]])), (1, array([[5.29244745]]))]
2
(1, 1)
(1, 1)
(1, 1)
[(2, array([[1.12249722]])), (0, array([[4.91121166]])), (1, array([[5.16526863]]))]
2
(1, 1)
(1, 1)
(1, 1)
[(2, array([[0.96953597]])), (0, array([[4.75394573]])), (1, array([[4.99199359]]))]
2
(1, 1)
(1, 1)
(1, 1)
[(2, array([[1.8734994]])), (0, array([[3.57071421]])), (1, array([[3.80657326]]))]
2
(1, 1)
(1, 1)
(1, 1)
[(0, array([[0.2]])), (1, array([[0.52915026]])), (2, array([[5.18266341]]))]
0
(1, 1)
(1, 1)
(1, 1)
[(1, array([[0.26457513]])), (0, array([[0.3]])), (2, array([[5.56686626]]))]
1
(1, 1)
(1, 1)
(1, 1)
[(2, array([[0.46904158]])), (0, array([[5.11859356]])), (1, array([[5.33291665]]))]
2
(1, 1)
(1, 1)
(1, 1)
[(2, array([[0.84852814]])), (0, array([[5.03785669]])), (1, array([[5.2744668]]))]
2
(1, 1)
(1, 1)
(1, 1)
[(2, array([[0.85440037]])), (0, array([[4.90611863]])), (1, array([[5.14684369]]))]
2
(1, 1)
(1, 1)
(1, 1)
[(2, array([[1.4]])), (0, array([[4.39317653]])), (1, array([[4.64112055]]))]
2
(1, 1)
(1, 1)
(1, 1)
[(2, array([[1.40712473]])), (0, array([[4.13521463]])), (1, array([[4.37492857]]))]
2
(1, 1)
(1, 1)
(1, 1)
[(2, array([[2.02731349]])), (0, array([[3.61247837]])), (1, array([[3.8457769]]))]
2
(1, 1)
(1, 1)
(1, 1)
[(2, array([[1.59059737]])), (0, array([[3.82753184]])), (1, array([[4.04351332]]))]
2
(1, 1)
(1, 1)
(1, 1)
[(2, array([[1.96977156]])), (0, array([[3.40881211]])), (1, array([[3.63593179]]))]
2
(1, 1)
(1, 1)
(1, 1)
[(1, array([[0.26457513]])), (0, array([[0.41231056]])), (2, array([[5.53082272]]))]
1
(1, 1)
(1, 1)
(1, 1)
[(1, array([[0.34641016]])), (0, array([[0.52915026]])), (2, array([[5.74282161]]))]
1
(1, 1)
(1, 1)
(1, 1)
[(1, array([[0.31622777]])), (0, array([[0.50990195]])), (2, array([[5.77754273]]))]
1
(1, 1)
(1, 1)
(1, 1)
[(1, array([[0.55677644]])), (0, array([[0.72801099]])), (2, array([[5.92368129]]))]
1
(1, 1)
(1, 1)
(1, 1)
[(1, array([[0.34641016]])), (0, array([[0.48989795]])), (2, array([[5.72887423]]))]
1
(1, 1)
(1, 1)
(1, 1)
[(2, array([[1.03923048]])), (0, array([[4.79374593]])), (1, array([[5.03388518]]))]
2
(1, 1)
(1, 1)
(1, 1)
[(2, array([[1.2083046]])), (0, array([[4.38406204]])), (1, array([[4.59782557]]))]
2
(1, 1)
(1, 1)
(1, 1)
[(2, array([[0.93273791]])), (0, array([[4.5858478]])), (1, array([[4.81767579]]))]
2
(1, 1)
(1, 1)
(1, 1)
[(2, array([[1.22474487]])), (0, array([[4.42266888]])), (1, array([[4.66904701]]))]
2
(1, 1)
(1, 1)
(1, 1)
[(2, array([[1.39283883]])), (0, array([[3.97492138]])), (1, array([[4.18568991]]))]
2
(1, 1)
(1, 1)
(1, 1)
[(2, array([[1.64316767]])), (0, array([[3.71483512]])), (1, array([[3.92937654]]))]
2
(1, 1)
(1, 1)
(1, 1)
[(2, array([[1.92873015]])), (0, array([[3.43802269]])), (1, array([[3.65239647]]))]
2
(1, 1)
(1, 1)
(1, 1)
[(1, array([[0.17320508]])), (0, array([[0.41231056]])), (2, array([[5.47631263]]))]
1
(1, 1)
(1, 1)
(1, 1)
[(1, array([[0.31622777]])), (0, array([[0.54772256]])), (2, array([[5.65508621]]))]
1
(1, 1)
(1, 1)
(1, 1)
[(1, array([[0.]])), (0, array([[0.4472136]])), (2, array([[5.54436651]]))]
1
(1, 1)
(1, 1)
(1, 1)
[(1, array([[0.]])), (0, array([[0.4472136]])), (2, array([[5.54436651]]))]
1
(1, 1)
(1, 1)
(1, 1)
[(2, array([[0.60827625]])), (0, array([[5.9]])), (1, array([[6.10819122]]))]
2
(1, 1)
(1, 1)
(1, 1)
[(2, array([[0.53851648]])), (0, array([[5.59553393]])), (1, array([[5.81807528]]))]
2
(1, 1)
(1, 1)
(1, 1)
[(2, array([[0.45825757]])), (0, array([[5.09411425]])), (1, array([[5.31130869]]))]
2
(1, 1)
(1, 1)
(1, 1)
[(2, array([[1.01488916]])), (0, array([[4.8259714]])), (1, array([[5.04678115]]))]
2
(1, 1)
(1, 1)
(1, 1)
[(2, array([[0.50990195]])), (0, array([[4.90713766]])), (1, array([[5.10294033]]))]
2
(1, 1)
(1, 1)
(1, 1)
[(2, array([[0.89442719]])), (0, array([[4.63680925]])), (1, array([[4.86004115]]))]
2
(1, 1)
(1, 1)
(1, 1)
[(2, array([[1.1045361]])), (0, array([[4.42492938]])), (1, array([[4.63249393]]))]
2
(1, 1)
(1, 1)
(1, 1)
[(2, array([[1.22474487]])), (0, array([[4.42944692]])), (1, array([[4.66690476]]))]
2
(1, 1)
(1, 1)
(1, 1)
[(2, array([[1.2922848]])), (0, array([[4.23438307]])), (1, array([[4.45757782]]))]
2
(1, 1)
(1, 1)
(1, 1)
[(2, array([[1.81659021]])), (0, array([[3.89615195]])), (1, array([[4.10609303]]))]
2
(1, 1)
(1, 1)
(1, 1)
[(2, array([[1.33416641]])), (0, array([[4.03732585]])), (1, array([[4.24970587]]))]
2
(1, 1)
(1, 1)
(1, 1)
[(2, array([[1.78325545]])), (0, array([[3.77094153]])), (1, array([[3.98748041]]))]
2
(1, 1)
(1, 1)
(1, 1)
[(2, array([[1.92353841]])), (0, array([[3.65513338]])), (1, array([[3.87298335]]))]
2
(1, 1)
(1, 1)
(1, 1)
[(2, array([[2.05669638]])), (0, array([[3.37194306]])), (1, array([[3.57071421]]))]
2
(1, 1)
(1, 1)
(1, 1)
[(2, array([[2.44948974]])), (0, array([[3.18433667]])), (1, array([[3.38526218]]))]
2
(1, 1)
(1, 1)
(1, 1)
[(2, array([[2.6]])), (0, array([[3.15277655]])), (1, array([[3.34962684]]))]
2
(1, 1)
(1, 1)
(1, 1)
[(2, array([[1.95448203]])), (0, array([[3.4]])), (1, array([[3.60555128]]))]
2
(1, 1)
(1, 1)
(1, 1)
[(2, array([[2.46170673]])), (0, array([[2.98998328]])), (1, array([[3.20312348]]))]
2
(1, 1)
(1, 1)
(1, 1)
[(2, array([[2.65141472]])), (0, array([[2.83725219]])), (1, array([[3.02489669]]))]
2
(1, 1)
(1, 1)
(1, 1)
[(0, array([[2.75317998]])), (2, array([[2.76405499]])), (1, array([[2.94957624]]))]
0
(1, 1)
(1, 1)
(1, 1)
[(1, array([[0.2]])), (0, array([[0.4472136]])), (2, array([[5.37959106]]))]
1
(1, 1)
(1, 1)
(1, 1)
[(1, array([[0.26457513]])), (0, array([[0.5]])), (2, array([[5.60802996]]))]
1
(1, 1)
(1, 1)
(1, 1)
[(1, array([[0.17320508]])), (0, array([[0.5]])), (2, array([[5.59195851]]))]
1
(1, 1)
(1, 1)
(1, 1)
[(1, array([[0.17320508]])), (0, array([[0.57445626]])), (2, array([[5.66833309]]))]
1
(1, 1)
(1, 1)
(1, 1)
[(1, array([[0.55677644]])), (0, array([[0.80622577]])), (2, array([[5.91354378]]))]
1
(1, 1)
(1, 1)
(1, 1)
[(1, array([[0.72801099]])), (0, array([[0.99498744]])), (2, array([[6.15548536]]))]
1
(1, 1)
(1, 1)
(1, 1)
[(2, array([[0.26457513]])), (0, array([[5.43966911]])), (1, array([[5.63293884]]))]
2
(1, 1)
(1, 1)
(1, 1)
[(2, array([[1.21655251]])), (0, array([[4.4609416]])), (1, array([[4.65832588]]))]
2
(1, 1)
(1, 1)
(1, 1)
[(2, array([[1.97737199]])), (0, array([[3.47419055]])), (1, array([[3.66196668]]))]
2
(1, 1)
(1, 1)
(1, 1)
[(2, array([[1.80554701]])), (0, array([[3.55246393]])), (1, array([[3.73898382]]))]
2
(1, 1)
(1, 1)
(1, 1)
[(2, array([[2.16564078]])), (0, array([[3.2969683]])), (1, array([[3.49428104]]))]
2
(1, 1)
(1, 1)
(1, 1)
[(2, array([[2.14709106]])), (0, array([[3.21091887]])), (1, array([[3.40147027]]))]
2
(1, 1)
(1, 1)
(1, 1)
[(2, array([[2.24722051]])), (0, array([[3.12889757]])), (1, array([[3.318132]]))]
2
(1, 1)
(1, 1)
(1, 1)
[(2, array([[2.62106848]])), (0, array([[2.88270706]])), (1, array([[3.06757233]]))]
2
(1, 1)
(1, 1)
(1, 1)
[(0, array([[2.32808935]])), (1, array([[2.52586619]])), (2, array([[3.14006369]]))]
0
(1, 1)
(1, 1)
(1, 1)
[(1, array([[0.55677644]])), (0, array([[0.83066239]])), (2, array([[5.83009434]]))]
1
(1, 1)
(1, 1)
(1, 1)
[(2, array([[0.678233]])), (0, array([[6.01830541]])), (1, array([[6.21128006]]))]
2
(1, 1)
(1, 1)
(1, 1)
[(2, array([[1.15758369]])), (0, array([[4.64327471]])), (1, array([[4.85386444]]))]
2
(1, 1)
(1, 1)
(1, 1)
[(2, array([[1.13578167]])), (0, array([[4.60543158]])), (1, array([[4.81144469]]))]
2
(1, 1)
(1, 1)
(1, 1)
[(2, array([[1.95192213]])), (0, array([[4.15331193]])), (1, array([[4.3760713]]))]
2
(1, 1)
(1, 1)
(1, 1)
[(2, array([[1.53948043]])), (0, array([[3.93827373]])), (1, array([[4.11946598]]))]
2
(1, 1)
(1, 1)
(1, 1)
[(2, array([[2.16564078]])), (0, array([[3.76430604]])), (1, array([[3.96862697]]))]
2
(1, 1)
(1, 1)
(1, 1)
[(2, array([[1.77200451]])), (0, array([[3.74165739]])), (1, array([[3.94461658]]))]
2
(1, 1)
(1, 1)
(1, 1)
[(2, array([[1.51657509]])), (0, array([[3.85227206]])), (1, array([[4.0348482]]))]
2
(1, 1)
(1, 1)
(1, 1)
[(2, array([[2.03469899]])), (0, array([[3.43802269]])), (1, array([[3.60277671]]))]
2
(1, 1)
(1, 1)
(1, 1)
[(2, array([[1.79443584]])), (0, array([[3.58050276]])), (1, array([[3.77094153]]))]
2
(1, 1)
(1, 1)
(1, 1)
[(2, array([[2.41039416]])), (0, array([[3.17332633]])), (1, array([[3.34215499]]))]
2
(1, 1)
(1, 1)
(1, 1)
[(2, array([[2.6925824]])), (0, array([[2.81247222]])), (1, array([[2.98831056]]))]
2
(1, 1)
(1, 1)
(1, 1)
[(2, array([[2.54165301]])), (0, array([[2.85306852]])), (1, array([[3.03644529]]))]
2
(1, 1)
(1, 1)
(1, 1)
[(2, array([[1.28452326]])), (0, array([[4.28835633]])), (1, array([[4.48218697]]))]
2
(1, 1)
(1, 1)
(1, 1)
[(2, array([[1.88944436]])), (0, array([[3.95347948]])), (1, array([[4.14366987]]))]
2
(1, 1)
(1, 1)
(1, 1)
[(2, array([[1.88944436]])), (0, array([[3.95347948]])), (1, array([[4.14366987]]))]
2
(1, 1)
(1, 1)
(1, 1)
[(2, array([[1.74928557]])), (0, array([[3.89615195]])), (1, array([[4.07185461]]))]
2
(1, 1)
(1, 1)
(1, 1)
[(2, array([[1.63401346]])), (0, array([[3.87685439]])), (1, array([[4.07062649]]))]
2
(1, 1)
(1, 1)
(1, 1)
[(2, array([[2.68700577]])), (0, array([[2.90172363]])), (1, array([[3.06267857]]))]
2
(1, 1)
(1, 1)
(1, 1)
[(2, array([[2.71661554]])), (0, array([[2.78208555]])), (1, array([[2.92232784]]))]
2
(1, 1)
(1, 1)
(1, 1)
[(0, array([[2.61151297]])), (1, array([[2.77488739]])), (2, array([[3.15277655]]))]
0
(1, 1)
(1, 1)
(1, 1)
[(0, array([[2.65706605]])), (2, array([[2.81069386]])), (1, array([[2.81780056]]))]
0
(1, 1)
(1, 1)
(1, 1)
[(2, array([[0.96436508]])), (0, array([[6.29523629]])), (1, array([[6.48768063]]))]
2
(1, 1)
(1, 1)
(1, 1)
[(2, array([[1.49331845]])), (0, array([[4.34165867]])), (1, array([[4.49332839]]))]
2
(1, 1)
(1, 1)
(1, 1)
[(2, array([[2.65141472]])), (0, array([[3.06104557]])), (1, array([[3.19843712]]))]
2
(1, 1)
(1, 1)
(1, 1)
[(2, array([[2.73861279]])), (0, array([[2.77128129]])), (1, array([[2.9189039]]))]
2
(1, 1)
(1, 1)
(1, 1)
[(0, array([[2.25831796]])), (1, array([[2.38746728]])), (2, array([[3.24037035]]))]
0
(1, 1)
(1, 1)
(1, 1)
[(2, array([[0.82462113]])), (0, array([[4.82700735]])), (1, array([[4.9979996]]))]
2
(1, 1)
(1, 1)
(1, 1)
[(2, array([[2.04939015]])), (0, array([[3.92683078]])), (1, array([[4.10609303]]))]
2
(1, 1)
(1, 1)
(1, 1)
[(2, array([[1.58429795]])), (0, array([[4.0385641]])), (1, array([[4.22018957]]))]
2
(1, 1)
(1, 1)
(1, 1)
[(2, array([[1.70293864]])), (0, array([[3.82099463]])), (1, array([[3.97994975]]))]
2
(1, 1)
(1, 1)
(1, 1)
[(2, array([[2.98998328]])), (0, array([[3.30454233]])), (1, array([[3.4525353]]))]
2
(1, 1)
(1, 1)
(1, 1)
[(0, array([[2.76224546]])), (1, array([[2.9]])), (2, array([[2.91032644]]))]
0
(1, 1)
(1, 1)
(1, 1)
[(0, array([[2.63628527]])), (1, array([[2.75862284]])), (2, array([[2.96816442]]))]
0
(1, 1)
(1, 1)
(1, 1)
[(0, array([[1.80831413]])), (1, array([[1.91049732]])), (2, array([[3.95347948]]))]
0
(1, 1)
(1, 1)
(1, 1)
[(0, array([[2.56515107]])), (1, array([[2.67207784]])), (2, array([[3.1144823]]))]
0
(1, 1)
(1, 1)
(1, 1)
[(0, array([[2.45356883]])), (1, array([[2.54950976]])), (2, array([[3.21558704]]))]
0
(1, 1)
(1, 1)
(1, 1)
[(0, array([[2.06397674]])), (1, array([[2.13072758]])), (2, array([[3.88072158]]))]
0
(1, 1)
(1, 1)
(1, 1)
[(2, array([[2.17025344]])), (0, array([[3.39852909]])), (1, array([[3.52845575]]))]
2
(1, 1)
(1, 1)
(1, 1)
[(0, array([[2.83372546]])), (2, array([[2.93768616]])), (1, array([[2.94788059]]))]
0
(1, 1)
(1, 1)
(1, 1)
[(0, array([[2.11187121]])), (1, array([[2.16794834]])), (2, array([[3.82883794]]))]
0
(1, 1)
(1, 1)
(1, 1)
[(1, array([[0.93808315]])), (0, array([[1.2489996]])), (2, array([[5.85320425]]))]
1
(1, 1)
(1, 1)
(1, 1)
[(2, array([[1.92093727]])), (0, array([[3.9]])), (1, array([[4.02864742]]))]
2
(1, 1)
(1, 1)
(1, 1)
[(2, array([[2.12602916]])), (0, array([[3.53553391]])), (1, array([[3.66878727]]))]
2
(1, 1)
(1, 1)
(1, 1)
[(2, array([[2.74590604]])), (0, array([[2.92574777]])), (1, array([[3.01330383]]))]
2
(1, 1)
(1, 1)
(1, 1)
[(0, array([[2.43515913]])), (1, array([[2.45560583]])), (2, array([[3.73764632]]))]
0
clusters
[[0 array([5.7, 4.4, 1.5, 0.4])]
 [0 array([5.5, 4.2, 1.4, 0.2])]
 [0 array([5.2, 4.1, 1.5, 0.1])]
 [0 array([5.8, 4. , 1.2, 0.2])]
 [0 array([5.4, 3.9, 1.7, 0.4])]
 [0 array([5.4, 3.9, 1.3, 0.4])]
 [2 array([7.7, 3.8, 6.7, 2.2])]
 [2 array([7.9, 3.8, 6.4, 2. ])]
 [0 array([5.1, 3.8, 1.9, 0.4])]
 [0 array([5.7, 3.8, 1.7, 0.3])]
 [0 array([5.1, 3.8, 1.6, 0.2])]
 [0 array([5.1, 3.8, 1.5, 0.3])]
 [0 array([5.1, 3.7, 1.5, 0.4])]
 [0 array([5.4, 3.7, 1.5, 0.2])]
 [0 array([5.3, 3.7, 1.5, 0.2])]
 [2 array([7.2, 3.6, 6.1, 2.5])]
 [0 array([5. , 3.6, 1.4, 0.2])]
 [0 array([4.6, 3.6, 1. , 0.2])]
 [0 array([5. , 3.5, 1.6, 0.6])]
 [0 array([5.2, 3.5, 1.5, 0.2])]
 [0 array([5.1, 3.5, 1.4, 0.3])]
 [0 array([5.1, 3.5, 1.4, 0.2])]
 [0 array([5. , 3.5, 1.3, 0.3])]
 [0 array([5.5, 3.5, 1.3, 0.2])]
 [2 array([6.3, 3.4, 5.6, 2.4])]
 [2 array([6.2, 3.4, 5.4, 2.3])]
 [2 array([6. , 3.4, 4.5, 1.6])]
 [0 array([4.8, 3.4, 1.9, 0.2])]
 [0 array([5.4, 3.4, 1.7, 0.2])]
 [0 array([4.8, 3.4, 1.6, 0.2])]
 [0 array([5.4, 3.4, 1.5, 0.4])]
 [0 array([5.1, 3.4, 1.5, 0.2])]
 [0 array([5. , 3.4, 1.5, 0.2])]
 [0 array([4.6, 3.4, 1.4, 0.3])]
 [0 array([5.2, 3.4, 1.4, 0.2])]
 [2 array([6.3, 3.3, 6. , 2.5])]
 [2 array([6.7, 3.3, 5.7, 2.5])]
 [2 array([6.7, 3.3, 5.7, 2.1])]
 [2 array([6.3, 3.3, 4.7, 1.6])]
 [0 array([5.1, 3.3, 1.7, 0.5])]
 [1 array([5. , 3.3, 1.4, 0.2])]
 [2 array([7.2, 3.2, 6. , 1.8])]
 [2 array([6.8, 3.2, 5.9, 2.3])]
 [2 array([6.9, 3.2, 5.7, 2.3])]
 [2 array([6.4, 3.2, 5.3, 2.3])]
 [2 array([6.5, 3.2, 5.1, 2. ])]
 [2 array([5.9, 3.2, 4.8, 1.8])]
 [2 array([7. , 3.2, 4.7, 1.4])]
 [2 array([6.4, 3.2, 4.5, 1.5])]
 [1 array([4.7, 3.2, 1.6, 0.2])]
 [1 array([4.6, 3.2, 1.4, 0.2])]
 [1 array([4.7, 3.2, 1.3, 0.2])]
 [1 array([4.4, 3.2, 1.3, 0.2])]
 [1 array([5. , 3.2, 1.2, 0.2])]
 [2 array([6.7, 3.1, 5.6, 2.4])]
 [2 array([6.4, 3.1, 5.5, 1.8])]
 [2 array([6.9, 3.1, 5.4, 2.1])]
 [2 array([6.9, 3.1, 5.1, 2.3])]
 [2 array([6.9, 3.1, 4.9, 1.5])]
 [2 array([6.7, 3.1, 4.7, 1.5])]
 [2 array([6.7, 3.1, 4.4, 1.4])]
 [1 array([4.8, 3.1, 1.6, 0.2])]
 [1 array([4.6, 3.1, 1.5, 0.2])]
 [1 array([4.9, 3.1, 1.5, 0.1])]
 [1 array([4.9, 3.1, 1.5, 0.1])]
 [2 array([7.6, 3. , 6.6, 2.1])]
 [2 array([7.7, 3. , 6.1, 2.3])]
 [2 array([7.1, 3. , 5.9, 2.1])]
 [2 array([6.5, 3. , 5.8, 2.2])]
 [2 array([7.2, 3. , 5.8, 1.6])]
 [2 array([6.8, 3. , 5.5, 2.1])]
 [2 array([6.5, 3. , 5.5, 1.8])]
 [2 array([6.7, 3. , 5.2, 2.3])]
 [2 array([6.5, 3. , 5.2, 2. ])]
 [2 array([5.9, 3. , 5.1, 1.8])]
 [2 array([6.7, 3. , 5. , 1.7])]
 [2 array([6.1, 3. , 4.9, 1.8])]
 [2 array([6. , 3. , 4.8, 1.8])]
 [2 array([6.1, 3. , 4.6, 1.4])]
 [2 array([5.6, 3. , 4.5, 1.5])]
 [2 array([5.4, 3. , 4.5, 1.5])]
 [2 array([6.6, 3. , 4.4, 1.4])]
 [2 array([5.9, 3. , 4.2, 1.5])]
 [2 array([5.7, 3. , 4.2, 1.2])]
 [0 array([5.6, 3. , 4.1, 1.3])]
 [1 array([5. , 3. , 1.6, 0.2])]
 [1 array([4.8, 3. , 1.4, 0.3])]
 [1 array([4.9, 3. , 1.4, 0.2])]
 [1 array([4.8, 3. , 1.4, 0.1])]
 [1 array([4.4, 3. , 1.3, 0.2])]
 [1 array([4.3, 3. , 1.1, 0.1])]
 [2 array([7.3, 2.9, 6.3, 1.8])]
 [2 array([6.3, 2.9, 5.6, 1.8])]
 [2 array([6.1, 2.9, 4.7, 1.4])]
 [2 array([6.6, 2.9, 4.6, 1.3])]
 [2 array([6. , 2.9, 4.5, 1.5])]
 [2 array([6.4, 2.9, 4.3, 1.3])]
 [2 array([6.2, 2.9, 4.3, 1.3])]
 [2 array([5.7, 2.9, 4.2, 1.3])]
 [0 array([5.6, 2.9, 3.6, 1.3])]
 [1 array([4.4, 2.9, 1.4, 0.2])]
 [2 array([7.7, 2.8, 6.7, 2. ])]
 [2 array([6.4, 2.8, 5.6, 2.2])]
 [2 array([6.4, 2.8, 5.6, 2.1])]
 [2 array([5.8, 2.8, 5.1, 2.4])]
 [2 array([6.3, 2.8, 5.1, 1.5])]
 [2 array([5.6, 2.8, 4.9, 2. ])]
 [2 array([6.2, 2.8, 4.8, 1.8])]
 [2 array([6.8, 2.8, 4.8, 1.4])]
 [2 array([6.1, 2.8, 4.7, 1.2])]
 [2 array([6.5, 2.8, 4.6, 1.5])]
 [2 array([5.7, 2.8, 4.5, 1.3])]
 [2 array([5.7, 2.8, 4.1, 1.3])]
 [2 array([6.1, 2.8, 4. , 1.3])]
 [2 array([6.4, 2.7, 5.3, 1.9])]
 [2 array([5.8, 2.7, 5.1, 1.9])]
 [2 array([5.8, 2.7, 5.1, 1.9])]
 [2 array([6. , 2.7, 5.1, 1.6])]
 [2 array([6.3, 2.7, 4.9, 1.8])]
 [2 array([5.6, 2.7, 4.2, 1.3])]
 [2 array([5.8, 2.7, 4.1, 1. ])]
 [0 array([5.2, 2.7, 3.9, 1.4])]
 [0 array([5.8, 2.7, 3.9, 1.2])]
 [2 array([7.7, 2.6, 6.9, 2.3])]
 [2 array([6.1, 2.6, 5.6, 1.4])]
 [2 array([5.5, 2.6, 4.4, 1.2])]
 [2 array([5.8, 2.6, 4. , 1.2])]
 [0 array([5.7, 2.6, 3.5, 1. ])]
 [2 array([6.7, 2.5, 5.8, 1.8])]
 [2 array([5.7, 2.5, 5. , 2. ])]
 [2 array([6.3, 2.5, 5. , 1.9])]
 [2 array([6.3, 2.5, 4.9, 1.5])]
 [2 array([4.9, 2.5, 4.5, 1.7])]
 [0 array([5.5, 2.5, 4. , 1.3])]
 [0 array([5.6, 2.5, 3.9, 1.1])]
 [0 array([5.1, 2.5, 3. , 1.1])]
 [0 array([5.5, 2.4, 3.8, 1.1])]
 [0 array([5.5, 2.4, 3.7, 1. ])]
 [0 array([4.9, 2.4, 3.3, 1. ])]
 [2 array([6.3, 2.3, 4.4, 1.3])]
 [0 array([5.5, 2.3, 4. , 1.3])]
 [0 array([5. , 2.3, 3.3, 1. ])]
 [1 array([4.5, 2.3, 1.3, 0.3])]
 [2 array([6. , 2.2, 5. , 1.5])]
 [2 array([6.2, 2.2, 4.5, 1.5])]
 [2 array([6. , 2.2, 4. , 1. ])]
 [0 array([5. , 2. , 3.5, 1. ])]]
numclusters before
[0 0 0]
0
Adding
[5.7 4.4 1.5 0.4]
[0. 0. 0. 0.]
equal to
[5.7 4.4 1.5 0.4]
Number of clusters for 0
1
0
Adding
[5.5 4.2 1.4 0.2]
[5.7 4.4 1.5 0.4]
equal to
[11.2  8.6  2.9  0.6]
Number of clusters for 0
2
0
Adding
[5.2 4.1 1.5 0.1]
[11.2  8.6  2.9  0.6]
equal to
[16.4 12.7  4.4  0.7]
Number of clusters for 0
3
0
Adding
[5.8 4.  1.2 0.2]
[16.4 12.7  4.4  0.7]
equal to
[22.2 16.7  5.6  0.9]
Number of clusters for 0
4
0
Adding
[5.4 3.9 1.7 0.4]
[22.2 16.7  5.6  0.9]
equal to
[27.6 20.6  7.3  1.3]
Number of clusters for 0
5
0
Adding
[5.4 3.9 1.3 0.4]
[27.6 20.6  7.3  1.3]
equal to
[33.  24.5  8.6  1.7]
Number of clusters for 0
6
2
Adding
[7.7 3.8 6.7 2.2]
[0. 0. 0. 0.]
equal to
[7.7 3.8 6.7 2.2]
Number of clusters for 2
1
2
Adding
[7.9 3.8 6.4 2. ]
[7.7 3.8 6.7 2.2]
equal to
[15.6  7.6 13.1  4.2]
Number of clusters for 2
2
0
Adding
[5.1 3.8 1.9 0.4]
[33.  24.5  8.6  1.7]
equal to
[38.1 28.3 10.5  2.1]
Number of clusters for 0
7
0
Adding
[5.7 3.8 1.7 0.3]
[38.1 28.3 10.5  2.1]
equal to
[43.8 32.1 12.2  2.4]
Number of clusters for 0
8
0
Adding
[5.1 3.8 1.6 0.2]
[43.8 32.1 12.2  2.4]
equal to
[48.9 35.9 13.8  2.6]
Number of clusters for 0
9
0
Adding
[5.1 3.8 1.5 0.3]
[48.9 35.9 13.8  2.6]
equal to
[54.  39.7 15.3  2.9]
Number of clusters for 0
10
0
Adding
[5.1 3.7 1.5 0.4]
[54.  39.7 15.3  2.9]
equal to
[59.1 43.4 16.8  3.3]
Number of clusters for 0
11
0
Adding
[5.4 3.7 1.5 0.2]
[59.1 43.4 16.8  3.3]
equal to
[64.5 47.1 18.3  3.5]
Number of clusters for 0
12
0
Adding
[5.3 3.7 1.5 0.2]
[64.5 47.1 18.3  3.5]
equal to
[69.8 50.8 19.8  3.7]
Number of clusters for 0
13
2
Adding
[7.2 3.6 6.1 2.5]
[15.6  7.6 13.1  4.2]
equal to
[22.8 11.2 19.2  6.7]
Number of clusters for 2
3
0
Adding
[5.  3.6 1.4 0.2]
[69.8 50.8 19.8  3.7]
equal to
[74.8 54.4 21.2  3.9]
Number of clusters for 0
14
0
Adding
[4.6 3.6 1.  0.2]
[74.8 54.4 21.2  3.9]
equal to
[79.4 58.  22.2  4.1]
Number of clusters for 0
15
0
Adding
[5.  3.5 1.6 0.6]
[79.4 58.  22.2  4.1]
equal to
[84.4 61.5 23.8  4.7]
Number of clusters for 0
16
0
Adding
[5.2 3.5 1.5 0.2]
[84.4 61.5 23.8  4.7]
equal to
[89.6 65.  25.3  4.9]
Number of clusters for 0
17
0
Adding
[5.1 3.5 1.4 0.3]
[89.6 65.  25.3  4.9]
equal to
[94.7 68.5 26.7  5.2]
Number of clusters for 0
18
0
Adding
[5.1 3.5 1.4 0.2]
[94.7 68.5 26.7  5.2]
equal to
[99.8 72.  28.1  5.4]
Number of clusters for 0
19
0
Adding
[5.  3.5 1.3 0.3]
[99.8 72.  28.1  5.4]
equal to
[104.8  75.5  29.4   5.7]
Number of clusters for 0
20
0
Adding
[5.5 3.5 1.3 0.2]
[104.8  75.5  29.4   5.7]
equal to
[110.3  79.   30.7   5.9]
Number of clusters for 0
21
2
Adding
[6.3 3.4 5.6 2.4]
[22.8 11.2 19.2  6.7]
equal to
[29.1 14.6 24.8  9.1]
Number of clusters for 2
4
2
Adding
[6.2 3.4 5.4 2.3]
[29.1 14.6 24.8  9.1]
equal to
[35.3 18.  30.2 11.4]
Number of clusters for 2
5
2
Adding
[6.  3.4 4.5 1.6]
[35.3 18.  30.2 11.4]
equal to
[41.3 21.4 34.7 13. ]
Number of clusters for 2
6
0
Adding
[4.8 3.4 1.9 0.2]
[110.3  79.   30.7   5.9]
equal to
[115.1  82.4  32.6   6.1]
Number of clusters for 0
22
0
Adding
[5.4 3.4 1.7 0.2]
[115.1  82.4  32.6   6.1]
equal to
[120.5  85.8  34.3   6.3]
Number of clusters for 0
23
0
Adding
[4.8 3.4 1.6 0.2]
[120.5  85.8  34.3   6.3]
equal to
[125.3  89.2  35.9   6.5]
Number of clusters for 0
24
0
Adding
[5.4 3.4 1.5 0.4]
[125.3  89.2  35.9   6.5]
equal to
[130.7  92.6  37.4   6.9]
Number of clusters for 0
25
0
Adding
[5.1 3.4 1.5 0.2]
[130.7  92.6  37.4   6.9]
equal to
[135.8  96.   38.9   7.1]
Number of clusters for 0
26
0
Adding
[5.  3.4 1.5 0.2]
[135.8  96.   38.9   7.1]
equal to
[140.8  99.4  40.4   7.3]
Number of clusters for 0
27
0
Adding
[4.6 3.4 1.4 0.3]
[140.8  99.4  40.4   7.3]
equal to
[145.4 102.8  41.8   7.6]
Number of clusters for 0
28
0
Adding
[5.2 3.4 1.4 0.2]
[145.4 102.8  41.8   7.6]
equal to
[150.6 106.2  43.2   7.8]
Number of clusters for 0
29
2
Adding
[6.3 3.3 6.  2.5]
[41.3 21.4 34.7 13. ]
equal to
[47.6 24.7 40.7 15.5]
Number of clusters for 2
7
2
Adding
[6.7 3.3 5.7 2.5]
[47.6 24.7 40.7 15.5]
equal to
[54.3 28.  46.4 18. ]
Number of clusters for 2
8
2
Adding
[6.7 3.3 5.7 2.1]
[54.3 28.  46.4 18. ]
equal to
[61.  31.3 52.1 20.1]
Number of clusters for 2
9
2
Adding
[6.3 3.3 4.7 1.6]
[61.  31.3 52.1 20.1]
equal to
[67.3 34.6 56.8 21.7]
Number of clusters for 2
10
0
Adding
[5.1 3.3 1.7 0.5]
[150.6 106.2  43.2   7.8]
equal to
[155.7 109.5  44.9   8.3]
Number of clusters for 0
30
1
Adding
[5.  3.3 1.4 0.2]
[0. 0. 0. 0.]
equal to
[5.  3.3 1.4 0.2]
Number of clusters for 1
1
2
Adding
[7.2 3.2 6.  1.8]
[67.3 34.6 56.8 21.7]
equal to
[74.5 37.8 62.8 23.5]
Number of clusters for 2
11
2
Adding
[6.8 3.2 5.9 2.3]
[74.5 37.8 62.8 23.5]
equal to
[81.3 41.  68.7 25.8]
Number of clusters for 2
12
2
Adding
[6.9 3.2 5.7 2.3]
[81.3 41.  68.7 25.8]
equal to
[88.2 44.2 74.4 28.1]
Number of clusters for 2
13
2
Adding
[6.4 3.2 5.3 2.3]
[88.2 44.2 74.4 28.1]
equal to
[94.6 47.4 79.7 30.4]
Number of clusters for 2
14
2
Adding
[6.5 3.2 5.1 2. ]
[94.6 47.4 79.7 30.4]
equal to
[101.1  50.6  84.8  32.4]
Number of clusters for 2
15
2
Adding
[5.9 3.2 4.8 1.8]
[101.1  50.6  84.8  32.4]
equal to
[107.   53.8  89.6  34.2]
Number of clusters for 2
16
2
Adding
[7.  3.2 4.7 1.4]
[107.   53.8  89.6  34.2]
equal to
[114.   57.   94.3  35.6]
Number of clusters for 2
17
2
Adding
[6.4 3.2 4.5 1.5]
[114.   57.   94.3  35.6]
equal to
[120.4  60.2  98.8  37.1]
Number of clusters for 2
18
1
Adding
[4.7 3.2 1.6 0.2]
[5.  3.3 1.4 0.2]
equal to
[9.7 6.5 3.  0.4]
Number of clusters for 1
2
1
Adding
[4.6 3.2 1.4 0.2]
[9.7 6.5 3.  0.4]
equal to
[14.3  9.7  4.4  0.6]
Number of clusters for 1
3
1
Adding
[4.7 3.2 1.3 0.2]
[14.3  9.7  4.4  0.6]
equal to
[19.  12.9  5.7  0.8]
Number of clusters for 1
4
1
Adding
[4.4 3.2 1.3 0.2]
[19.  12.9  5.7  0.8]
equal to
[23.4 16.1  7.   1. ]
Number of clusters for 1
5
1
Adding
[5.  3.2 1.2 0.2]
[23.4 16.1  7.   1. ]
equal to
[28.4 19.3  8.2  1.2]
Number of clusters for 1
6
2
Adding
[6.7 3.1 5.6 2.4]
[120.4  60.2  98.8  37.1]
equal to
[127.1  63.3 104.4  39.5]
Number of clusters for 2
19
2
Adding
[6.4 3.1 5.5 1.8]
[127.1  63.3 104.4  39.5]
equal to
[133.5  66.4 109.9  41.3]
Number of clusters for 2
20
2
Adding
[6.9 3.1 5.4 2.1]
[133.5  66.4 109.9  41.3]
equal to
[140.4  69.5 115.3  43.4]
Number of clusters for 2
21
2
Adding
[6.9 3.1 5.1 2.3]
[140.4  69.5 115.3  43.4]
equal to
[147.3  72.6 120.4  45.7]
Number of clusters for 2
22
2
Adding
[6.9 3.1 4.9 1.5]
[147.3  72.6 120.4  45.7]
equal to
[154.2  75.7 125.3  47.2]
Number of clusters for 2
23
2
Adding
[6.7 3.1 4.7 1.5]
[154.2  75.7 125.3  47.2]
equal to
[160.9  78.8 130.   48.7]
Number of clusters for 2
24
2
Adding
[6.7 3.1 4.4 1.4]
[160.9  78.8 130.   48.7]
equal to
[167.6  81.9 134.4  50.1]
Number of clusters for 2
25
1
Adding
[4.8 3.1 1.6 0.2]
[28.4 19.3  8.2  1.2]
equal to
[33.2 22.4  9.8  1.4]
Number of clusters for 1
7
1
Adding
[4.6 3.1 1.5 0.2]
[33.2 22.4  9.8  1.4]
equal to
[37.8 25.5 11.3  1.6]
Number of clusters for 1
8
1
Adding
[4.9 3.1 1.5 0.1]
[37.8 25.5 11.3  1.6]
equal to
[42.7 28.6 12.8  1.7]
Number of clusters for 1
9
1
Adding
[4.9 3.1 1.5 0.1]
[42.7 28.6 12.8  1.7]
equal to
[47.6 31.7 14.3  1.8]
Number of clusters for 1
10
2
Adding
[7.6 3.  6.6 2.1]
[167.6  81.9 134.4  50.1]
equal to
[175.2  84.9 141.   52.2]
Number of clusters for 2
26
2
Adding
[7.7 3.  6.1 2.3]
[175.2  84.9 141.   52.2]
equal to
[182.9  87.9 147.1  54.5]
Number of clusters for 2
27
2
Adding
[7.1 3.  5.9 2.1]
[182.9  87.9 147.1  54.5]
equal to
[190.   90.9 153.   56.6]
Number of clusters for 2
28
2
Adding
[6.5 3.  5.8 2.2]
[190.   90.9 153.   56.6]
equal to
[196.5  93.9 158.8  58.8]
Number of clusters for 2
29
2
Adding
[7.2 3.  5.8 1.6]
[196.5  93.9 158.8  58.8]
equal to
[203.7  96.9 164.6  60.4]
Number of clusters for 2
30
2
Adding
[6.8 3.  5.5 2.1]
[203.7  96.9 164.6  60.4]
equal to
[210.5  99.9 170.1  62.5]
Number of clusters for 2
31
2
Adding
[6.5 3.  5.5 1.8]
[210.5  99.9 170.1  62.5]
equal to
[217.  102.9 175.6  64.3]
Number of clusters for 2
32
2
Adding
[6.7 3.  5.2 2.3]
[217.  102.9 175.6  64.3]
equal to
[223.7 105.9 180.8  66.6]
Number of clusters for 2
33
2
Adding
[6.5 3.  5.2 2. ]
[223.7 105.9 180.8  66.6]
equal to
[230.2 108.9 186.   68.6]
Number of clusters for 2
34
2
Adding
[5.9 3.  5.1 1.8]
[230.2 108.9 186.   68.6]
equal to
[236.1 111.9 191.1  70.4]
Number of clusters for 2
35
2
Adding
[6.7 3.  5.  1.7]
[236.1 111.9 191.1  70.4]
equal to
[242.8 114.9 196.1  72.1]
Number of clusters for 2
36
2
Adding
[6.1 3.  4.9 1.8]
[242.8 114.9 196.1  72.1]
equal to
[248.9 117.9 201.   73.9]
Number of clusters for 2
37
2
Adding
[6.  3.  4.8 1.8]
[248.9 117.9 201.   73.9]
equal to
[254.9 120.9 205.8  75.7]
Number of clusters for 2
38
2
Adding
[6.1 3.  4.6 1.4]
[254.9 120.9 205.8  75.7]
equal to
[261.  123.9 210.4  77.1]
Number of clusters for 2
39
2
Adding
[5.6 3.  4.5 1.5]
[261.  123.9 210.4  77.1]
equal to
[266.6 126.9 214.9  78.6]
Number of clusters for 2
40
2
Adding
[5.4 3.  4.5 1.5]
[266.6 126.9 214.9  78.6]
equal to
[272.  129.9 219.4  80.1]
Number of clusters for 2
41
2
Adding
[6.6 3.  4.4 1.4]
[272.  129.9 219.4  80.1]
equal to
[278.6 132.9 223.8  81.5]
Number of clusters for 2
42
2
Adding
[5.9 3.  4.2 1.5]
[278.6 132.9 223.8  81.5]
equal to
[284.5 135.9 228.   83. ]
Number of clusters for 2
43
2
Adding
[5.7 3.  4.2 1.2]
[284.5 135.9 228.   83. ]
equal to
[290.2 138.9 232.2  84.2]
Number of clusters for 2
44
0
Adding
[5.6 3.  4.1 1.3]
[155.7 109.5  44.9   8.3]
equal to
[161.3 112.5  49.    9.6]
Number of clusters for 0
31
1
Adding
[5.  3.  1.6 0.2]
[47.6 31.7 14.3  1.8]
equal to
[52.6 34.7 15.9  2. ]
Number of clusters for 1
11
1
Adding
[4.8 3.  1.4 0.3]
[52.6 34.7 15.9  2. ]
equal to
[57.4 37.7 17.3  2.3]
Number of clusters for 1
12
1
Adding
[4.9 3.  1.4 0.2]
[57.4 37.7 17.3  2.3]
equal to
[62.3 40.7 18.7  2.5]
Number of clusters for 1
13
1
Adding
[4.8 3.  1.4 0.1]
[62.3 40.7 18.7  2.5]
equal to
[67.1 43.7 20.1  2.6]
Number of clusters for 1
14
1
Adding
[4.4 3.  1.3 0.2]
[67.1 43.7 20.1  2.6]
equal to
[71.5 46.7 21.4  2.8]
Number of clusters for 1
15
1
Adding
[4.3 3.  1.1 0.1]
[71.5 46.7 21.4  2.8]
equal to
[75.8 49.7 22.5  2.9]
Number of clusters for 1
16
2
Adding
[7.3 2.9 6.3 1.8]
[290.2 138.9 232.2  84.2]
equal to
[297.5 141.8 238.5  86. ]
Number of clusters for 2
45
2
Adding
[6.3 2.9 5.6 1.8]
[297.5 141.8 238.5  86. ]
equal to
[303.8 144.7 244.1  87.8]
Number of clusters for 2
46
2
Adding
[6.1 2.9 4.7 1.4]
[303.8 144.7 244.1  87.8]
equal to
[309.9 147.6 248.8  89.2]
Number of clusters for 2
47
2
Adding
[6.6 2.9 4.6 1.3]
[309.9 147.6 248.8  89.2]
equal to
[316.5 150.5 253.4  90.5]
Number of clusters for 2
48
2
Adding
[6.  2.9 4.5 1.5]
[316.5 150.5 253.4  90.5]
equal to
[322.5 153.4 257.9  92. ]
Number of clusters for 2
49
2
Adding
[6.4 2.9 4.3 1.3]
[322.5 153.4 257.9  92. ]
equal to
[328.9 156.3 262.2  93.3]
Number of clusters for 2
50
2
Adding
[6.2 2.9 4.3 1.3]
[328.9 156.3 262.2  93.3]
equal to
[335.1 159.2 266.5  94.6]
Number of clusters for 2
51
2
Adding
[5.7 2.9 4.2 1.3]
[335.1 159.2 266.5  94.6]
equal to
[340.8 162.1 270.7  95.9]
Number of clusters for 2
52
0
Adding
[5.6 2.9 3.6 1.3]
[161.3 112.5  49.    9.6]
equal to
[166.9 115.4  52.6  10.9]
Number of clusters for 0
32
1
Adding
[4.4 2.9 1.4 0.2]
[75.8 49.7 22.5  2.9]
equal to
[80.2 52.6 23.9  3.1]
Number of clusters for 1
17
2
Adding
[7.7 2.8 6.7 2. ]
[340.8 162.1 270.7  95.9]
equal to
[348.5 164.9 277.4  97.9]
Number of clusters for 2
53
2
Adding
[6.4 2.8 5.6 2.2]
[348.5 164.9 277.4  97.9]
equal to
[354.9 167.7 283.  100.1]
Number of clusters for 2
54
2
Adding
[6.4 2.8 5.6 2.1]
[354.9 167.7 283.  100.1]
equal to
[361.3 170.5 288.6 102.2]
Number of clusters for 2
55
2
Adding
[5.8 2.8 5.1 2.4]
[361.3 170.5 288.6 102.2]
equal to
[367.1 173.3 293.7 104.6]
Number of clusters for 2
56
2
Adding
[6.3 2.8 5.1 1.5]
[367.1 173.3 293.7 104.6]
equal to
[373.4 176.1 298.8 106.1]
Number of clusters for 2
57
2
Adding
[5.6 2.8 4.9 2. ]
[373.4 176.1 298.8 106.1]
equal to
[379.  178.9 303.7 108.1]
Number of clusters for 2
58
2
Adding
[6.2 2.8 4.8 1.8]
[379.  178.9 303.7 108.1]
equal to
[385.2 181.7 308.5 109.9]
Number of clusters for 2
59
2
Adding
[6.8 2.8 4.8 1.4]
[385.2 181.7 308.5 109.9]
equal to
[392.  184.5 313.3 111.3]
Number of clusters for 2
60
2
Adding
[6.1 2.8 4.7 1.2]
[392.  184.5 313.3 111.3]
equal to
[398.1 187.3 318.  112.5]
Number of clusters for 2
61
2
Adding
[6.5 2.8 4.6 1.5]
[398.1 187.3 318.  112.5]
equal to
[404.6 190.1 322.6 114. ]
Number of clusters for 2
62
2
Adding
[5.7 2.8 4.5 1.3]
[404.6 190.1 322.6 114. ]
equal to
[410.3 192.9 327.1 115.3]
Number of clusters for 2
63
2
Adding
[5.7 2.8 4.1 1.3]
[410.3 192.9 327.1 115.3]
equal to
[416.  195.7 331.2 116.6]
Number of clusters for 2
64
2
Adding
[6.1 2.8 4.  1.3]
[416.  195.7 331.2 116.6]
equal to
[422.1 198.5 335.2 117.9]
Number of clusters for 2
65
2
Adding
[6.4 2.7 5.3 1.9]
[422.1 198.5 335.2 117.9]
equal to
[428.5 201.2 340.5 119.8]
Number of clusters for 2
66
2
Adding
[5.8 2.7 5.1 1.9]
[428.5 201.2 340.5 119.8]
equal to
[434.3 203.9 345.6 121.7]
Number of clusters for 2
67
2
Adding
[5.8 2.7 5.1 1.9]
[434.3 203.9 345.6 121.7]
equal to
[440.1 206.6 350.7 123.6]
Number of clusters for 2
68
2
Adding
[6.  2.7 5.1 1.6]
[440.1 206.6 350.7 123.6]
equal to
[446.1 209.3 355.8 125.2]
Number of clusters for 2
69
2
Adding
[6.3 2.7 4.9 1.8]
[446.1 209.3 355.8 125.2]
equal to
[452.4 212.  360.7 127. ]
Number of clusters for 2
70
2
Adding
[5.6 2.7 4.2 1.3]
[452.4 212.  360.7 127. ]
equal to
[458.  214.7 364.9 128.3]
Number of clusters for 2
71
2
Adding
[5.8 2.7 4.1 1. ]
[458.  214.7 364.9 128.3]
equal to
[463.8 217.4 369.  129.3]
Number of clusters for 2
72
0
Adding
[5.2 2.7 3.9 1.4]
[166.9 115.4  52.6  10.9]
equal to
[172.1 118.1  56.5  12.3]
Number of clusters for 0
33
0
Adding
[5.8 2.7 3.9 1.2]
[172.1 118.1  56.5  12.3]
equal to
[177.9 120.8  60.4  13.5]
Number of clusters for 0
34
2
Adding
[7.7 2.6 6.9 2.3]
[463.8 217.4 369.  129.3]
equal to
[471.5 220.  375.9 131.6]
Number of clusters for 2
73
2
Adding
[6.1 2.6 5.6 1.4]
[471.5 220.  375.9 131.6]
equal to
[477.6 222.6 381.5 133. ]
Number of clusters for 2
74
2
Adding
[5.5 2.6 4.4 1.2]
[477.6 222.6 381.5 133. ]
equal to
[483.1 225.2 385.9 134.2]
Number of clusters for 2
75
2
Adding
[5.8 2.6 4.  1.2]
[483.1 225.2 385.9 134.2]
equal to
[488.9 227.8 389.9 135.4]
Number of clusters for 2
76
0
Adding
[5.7 2.6 3.5 1. ]
[177.9 120.8  60.4  13.5]
equal to
[183.6 123.4  63.9  14.5]
Number of clusters for 0
35
2
Adding
[6.7 2.5 5.8 1.8]
[488.9 227.8 389.9 135.4]
equal to
[495.6 230.3 395.7 137.2]
Number of clusters for 2
77
2
Adding
[5.7 2.5 5.  2. ]
[495.6 230.3 395.7 137.2]
equal to
[501.3 232.8 400.7 139.2]
Number of clusters for 2
78
2
Adding
[6.3 2.5 5.  1.9]
[501.3 232.8 400.7 139.2]
equal to
[507.6 235.3 405.7 141.1]
Number of clusters for 2
79
2
Adding
[6.3 2.5 4.9 1.5]
[507.6 235.3 405.7 141.1]
equal to
[513.9 237.8 410.6 142.6]
Number of clusters for 2
80
2
Adding
[4.9 2.5 4.5 1.7]
[513.9 237.8 410.6 142.6]
equal to
[518.8 240.3 415.1 144.3]
Number of clusters for 2
81
0
Adding
[5.5 2.5 4.  1.3]
[183.6 123.4  63.9  14.5]
equal to
[189.1 125.9  67.9  15.8]
Number of clusters for 0
36
0
Adding
[5.6 2.5 3.9 1.1]
[189.1 125.9  67.9  15.8]
equal to
[194.7 128.4  71.8  16.9]
Number of clusters for 0
37
0
Adding
[5.1 2.5 3.  1.1]
[194.7 128.4  71.8  16.9]
equal to
[199.8 130.9  74.8  18. ]
Number of clusters for 0
38
0
Adding
[5.5 2.4 3.8 1.1]
[199.8 130.9  74.8  18. ]
equal to
[205.3 133.3  78.6  19.1]
Number of clusters for 0
39
0
Adding
[5.5 2.4 3.7 1. ]
[205.3 133.3  78.6  19.1]
equal to
[210.8 135.7  82.3  20.1]
Number of clusters for 0
40
0
Adding
[4.9 2.4 3.3 1. ]
[210.8 135.7  82.3  20.1]
equal to
[215.7 138.1  85.6  21.1]
Number of clusters for 0
41
2
Adding
[6.3 2.3 4.4 1.3]
[518.8 240.3 415.1 144.3]
equal to
[525.1 242.6 419.5 145.6]
Number of clusters for 2
82
0
Adding
[5.5 2.3 4.  1.3]
[215.7 138.1  85.6  21.1]
equal to
[221.2 140.4  89.6  22.4]
Number of clusters for 0
42
0
Adding
[5.  2.3 3.3 1. ]
[221.2 140.4  89.6  22.4]
equal to
[226.2 142.7  92.9  23.4]
Number of clusters for 0
43
1
Adding
[4.5 2.3 1.3 0.3]
[80.2 52.6 23.9  3.1]
equal to
[84.7 54.9 25.2  3.4]
Number of clusters for 1
18
2
Adding
[6.  2.2 5.  1.5]
[525.1 242.6 419.5 145.6]
equal to
[531.1 244.8 424.5 147.1]
Number of clusters for 2
83
2
Adding
[6.2 2.2 4.5 1.5]
[531.1 244.8 424.5 147.1]
equal to
[537.3 247.  429.  148.6]
Number of clusters for 2
84
2
Adding
[6.  2.2 4.  1. ]
[537.3 247.  429.  148.6]
equal to
[543.3 249.2 433.  149.6]
Number of clusters for 2
85
0
Adding
[5.  2.  3.5 1. ]
[226.2 142.7  92.9  23.4]
equal to
[231.2 144.7  96.4  24.4]
Number of clusters for 0
44
C new before comp
[[231.2 144.7  96.4  24.4]
 [ 84.7  54.9  25.2   3.4]
 [543.3 249.2 433.  149.6]]
C New after comp
[[5.25454545 3.28863636 2.19090909 0.55454545]
 [4.70555556 3.05       1.4        0.18888889]
 [6.39176471 2.93176471 5.09411765 1.76      ]]
[[5.  3.4 1.6 0.4]
 [4.9 3.1 1.5 0.1]
 [7.4 2.8 6.1 1.9]]
